650545.79	9388146.36	650550.61	9388131.46
650546.15	9388141.62	650547.13	9388133.67
650543.89	9388144.21	650545.76	9388131.89
650560.44	9388117.70	650570.36	9388099.58
650569.77	9388096.32	650578.79	9388079.55
650547.78	9388147.78	650549.03	9388145.25
650549.30	9388145.77	650549.92	9388143.63
650550.10	9388144.21	650555.53	9388131.07
650571.79	9388154.19	650591.28	9388117.71
650584.81	9388127.51	650610.93	9388105.06
650569.47	9388140.81	650592.36	9388100.37
650519.52	9388079.01	650528.83	9388047.92
650514.09	9388058.03	650546.90	9388001.29
650548.33	9388002.00	650560.60	9387980.34
650555.58	9388003.78	650600.87	9387932.33
650578.23	9387954.27	650588.49	9387919.78
650606.37	9387932.96	650640.69	9387874.07
650624.20	9387908.64	650643.95	9387872.09
650637.90	9387887.31	650679.14	9387834.14
650620.26	9387805.19	650650.61	9387760.03
650621.35	9387800.18	650608.01	9387818.86
650614.20	9387802.68	650599.92	9387822.15
650609.70	9387813.37	650593.91	9387835.03
650599.07	9387859.25	650615.82	9387835.69
650609.08	9387846.71	650646.91	9387798.73
650606.06	9387867.16	650613.71	9387855.82
650606.81	9387863.84	650603.62	9387869.89
650604.05	9387867.13	650599.44	9387874.52
650599.04	9387888.68	650606.88	9387876.31
650618.04	9387897.28	650642.27	9387851.59
650621.35	9387754.22	650633.00	9387733.63
650631.89	9387737.09	650648.56	9387710.83
650646.09	9387717.68	650661.49	9387695.29
650540.53	9387970.06	650549.34	9387943.43
650550.51	9387923.01	650536.50	9387948.66
650650.94	9387894.23	650628.49	9387930.36
650632.85	9387921.20	650625.51	9387932.32
650628.17	9387929.25	650621.01	9387943.52
650622.01	9387939.66	650608.00	9387962.44
650627.23	9387928.12	650607.56	9387960.38
650622.66	9387981.69	650635.50	9387958.67
650641.98	9387982.11	650635.14	9387989.79
650642.78	9387986.12	650638.39	9387993.08
650639.24	9387990.69	650636.37	9387995.23
650630.72	9388005.41	650637.83	9387987.61
650633.41	9388006.42	650627.69	9388016.04
650646.21	9388032.90	650666.99	9387988.02
650668.21	9387993.86	650684.40	9387970.20
650688.42	9387977.03	650693.68	9387949.39
650671.76	9387946.44	650663.63	9387963.30
650646.14	9387983.64	650659.57	9387953.51
650657.08	9387971.62	650662.10	9387954.66
650677.33	9387950.60	650692.90	9387928.11
650654.67	9388016.22	650633.45	9388051.74
650658.28	9388070.34	650644.34	9388081.33
650611.41	9388112.27	650629.12	9388089.76
650610.28	9388103.38	650569.01	9388155.25
650568.23	9388158.41	650582.50	9388128.01
650572.33	9388131.35	650577.92	9388109.76
650621.19	9388096.27	650628.85	9388082.63
650624.43	9388084.69	650633.72	9388067.67
650633.05	9388075.36	650643.25	9388058.81
650636.74	9388072.14	650640.36	9388065.87
650626.78	9388074.95	650617.15	9388085.23
650639.60	9388079.76	650653.68	9388058.52
650665.01	9388054.71	650694.28	9388011.60
650654.19	9387936.96	650660.20	9387909.00
650633.49	9387788.99	650666.05	9387777.98
650665.72	9387728.02	650652.25	9387755.67
650653.11	9387749.83	650665.78	9387723.52
650651.48	9387727.89	650663.27	9387696.45
650650.95	9387739.97	650659.53	9387722.27
650654.44	9387741.46	650663.17	9387722.81
650664.47	9387700.63	650662.12	9387710.98
650645.09	9387699.33	650650.19	9387681.96
650632.09	9387822.07	650661.43	9387811.63
650625.61	9387854.94	650647.89	9387828.12
650643.66	9387852.73	650646.87	9387843.25
650641.48	9387848.99	650649.48	9387829.76
650637.76	9387875.99	650651.42	9387848.77
650644.08	9387871.12	650653.84	9387852.35
650625.44	9387898.23	650614.72	9387900.47
650621.72	9387899.78	650600.07	9387906.03
650619.25	9387905.87	650600.72	9387913.60
650553.54	9388011.53	650557.78	9387994.42
650520.69	9388028.32	650510.19	9388049.52
650503.66	9388076.29	650508.56	9388060.60
650507.37	9388062.21	650514.84	9388043.05
650516.74	9388023.51	650510.76	9388038.05
650511.19	9388033.59	650508.91	9388040.42
650520.21	9388018.25	650509.41	9388033.47
650512.36	9388025.85	650506.61	9388036.91
650507.96	9388040.06	650509.74	9388031.11
650509.03	9388028.06	650506.95	9388032.05
650508.70	9388029.47	650505.30	9388037.09
650506.82	9388035.49	650508.31	9388031.21
650506.71	9388041.19	650508.22	9388034.37
650515.53	9388042.16	650512.26	9388053.03
650513.14	9388058.48	650503.63	9388078.59
650506.20	9388076.41	650502.73	9388084.42
650500.70	9388071.14	650497.62	9388079.59
650494.76	9388082.19	650503.19	9388064.13
650498.92	9388068.77	650502.58	9388062.24
650499.44	9388065.93	650497.87	9388069.11
650526.48	9388070.09	650522.75	9388081.93
650521.70	9388086.11	650522.45	9388080.82
650521.79	9388085.29	650520.13	9388090.49
650521.00	9388089.63	650520.72	9388092.90
650521.42	9388089.65	650520.90	9388092.74
650521.33	9388092.86	650516.92	9388101.81
650516.93	9388095.79	650513.78	9388106.70
650512.63	9388101.82	650515.12	9388094.91
650512.38	9388097.87	650512.95	9388093.04
650512.19	9388095.43	650512.25	9388093.23
650510.64	9388094.17	650509.27	9388099.24
650513.51	9388095.79	650516.36	9388086.29
650516.84	9388087.39	650518.26	9388084.20
650513.30	9388081.94	650505.87	9388094.68
650506.65	9388090.92	650504.45	9388096.38
650503.13	9388086.76	650501.81	9388090.22
650502.03	9388088.72	650500.74	9388093.62
650500.61	9388089.03	650502.64	9388085.55
650500.68	9388081.84	650503.16	9388078.96
650510.46	9388104.41	650508.78	9388109.57
650511.52	9388107.25	650510.93	9388112.83
650510.35	9388136.98	650518.27	9388119.04
650553.70	9388144.22	650562.60	9388128.34
650595.70	9388128.64	650602.98	9388112.48
650594.81	9388136.02	650621.23	9388105.42
650597.20	9388126.47	650603.63	9388119.07
650613.96	9388107.45	650608.72	9388115.15
650611.07	9388128.55	650617.60	9388118.48
650615.09	9388130.33	650619.87	9388116.96
650620.28	9388122.18	650612.15	9388132.43
650613.18	9388130.47	650609.57	9388135.64
650611.71	9388131.37	650607.24	9388134.90
650611.69	9388129.73	650609.86	9388131.65
650612.10	9388128.06	650607.60	9388132.17
650616.74	9388140.14	650625.84	9388112.52
650622.77	9388119.15	650620.89	9388127.60
650665.13	9388072.74	650674.70	9388053.30
650673.38	9388064.31	650675.85	9388057.56
650675.86	9388061.98	650689.77	9388037.60
650626.77	9388088.69	650632.87	9388074.07
650630.52	9388084.66	650626.48	9388100.41
650626.18	9388104.99	650633.14	9388089.23
650637.58	9388095.73	650628.20	9388124.95
650635.76	9388111.83	650627.48	9388138.10
650633.09	9388117.72	650621.90	9388136.41
650624.19	9388133.29	650625.81	9388116.83
650621.94	9388134.40	650624.66	9388131.79
650606.41	9388127.92	650608.26	9388117.06
650598.46	9388125.90	650605.47	9388122.00
650605.78	9388127.92	650598.27	9388130.50
650610.98	9388104.77	650615.01	9388080.42
650611.36	9388095.45	650612.40	9388089.24
650609.30	9388097.17	650610.03	9388094.38
650610.85	9388095.46	650612.70	9388097.27
650607.97	9388092.88	650611.04	9388094.72
650608.50	9388091.09	650611.50	9388090.85
650608.70	9388089.33	650603.24	9388106.59
650612.64	9388099.02	650606.81	9388095.65
650611.21	9388097.06	650606.92	9388105.08
650605.41	9388102.48	650612.05	9388101.07
650612.36	9388098.20	650608.17	9388100.82
650600.26	9388101.82	650604.37	9388099.96
650599.71	9388100.12	650603.58	9388098.34
650602.82	9388096.88	650606.98	9388096.49
650623.45	9388122.53	650624.42	9388115.40
650625.51	9388119.08	650624.25	9388122.11
650632.83	9388067.90	650630.46	9388071.91
650621.63	9388075.20	650630.41	9388061.90
650533.17	9387986.62	650538.53	9387962.10
650536.52	9387981.17	650538.55	9387970.27
650657.77	9387955.19	650657.45	9387938.54
650654.56	9387952.20	650652.94	9387970.75
650648.90	9387952.76	650648.24	9387973.17
650651.86	9387984.21	650653.54	9387972.68
650652.17	9387997.83	650654.42	9387978.56
650661.78	9387996.66	650661.34	9387979.38
650662.46	9387983.87	650662.07	9387967.69
650661.36	9387953.84	650671.66	9387941.74
650663.33	9387948.00	650666.59	9387940.92
650660.25	9387952.94	650664.26	9387942.59
650660.64	9387967.81	650666.67	9387955.68
650661.62	9387960.75	650664.65	9387954.39
650665.40	9387953.60	650669.36	9387940.68
650666.39	9387954.70	650673.35	9387940.55
650672.70	9387946.95	650685.00	9387933.46
650669.35	9387938.43	650683.51	9387901.42
650658.26	9387910.32	650655.32	9387853.53
650639.35	9387916.37	650650.78	9387901.23
650649.61	9387905.97	650658.75	9387892.69
650653.52	9387903.20	650664.74	9387883.56
650666.45	9387885.13	650656.95	9387899.40
650664.54	9387897.45	650649.22	9387910.90
650650.30	9387916.11	650654.32	9387907.26
650641.50	9387904.96	650645.63	9387894.26
650624.55	9387930.02	650627.18	9387904.36
650626.56	9387906.93	650631.56	9387900.52
650620.72	9387933.03	650621.83	9387915.94
650628.25	9387937.43	650638.89	9387921.54
650616.38	9387920.23	650623.63	9387911.97
650574.22	9388096.56	650578.59	9388090.97
650653.30	9388027.46	650658.13	9388014.79
650659.17	9388017.82	650659.89	9388005.70
650661.05	9388014.23	650661.47	9388006.65
650661.23	9388019.79	650663.18	9388009.05
650662.70	9388023.69	650663.86	9388014.14
650665.39	9388025.54	650667.38	9388011.37
650648.25	9388015.25	650647.89	9388004.53
650635.29	9388028.18	650636.16	9388005.55
650686.46	9388012.40	650683.52	9388023.13
650619.70	9387984.41	650611.82	9387996.07
650673.39	9387887.00	650682.32	9387873.96
650643.54	9387694.01	650641.98	9387705.38
650646.94	9387701.48	650649.61	9387692.93
650641.90	9387709.60	650644.88	9387700.46
650642.41	9387704.55	650643.72	9387700.20
650630.86	9387712.52	650636.88	9387693.04
650676.95	9387711.24	650679.87	9387691.04
650682.09	9387684.66	650685.15	9387668.73
650677.93	9387711.17	650679.50	9387701.90
650678.41	9387717.49	650679.65	9387710.78
650682.74	9387708.66	650683.09	9387719.45
650685.69	9387702.01	650685.34	9387722.08
650599.17	9388095.78	650595.88	9388082.59
650601.44	9388092.94	650598.87	9388081.73
650603.48	9388117.67	650600.70	9388080.44
650599.09	9388113.24	650597.66	9388106.66
650601.27	9388128.49	650602.02	9388125.20
650611.49	9388098.24	650610.45	9388091.54
650621.62	9388096.51	650622.25	9388113.68
650629.73	9388119.21	650629.12	9388104.88
650627.61	9388116.48	650627.07	9388111.96
650638.43	9388125.26	650649.43	9388096.39
650641.55	9388106.86	650654.70	9388047.32
650651.89	9388047.68	650684.93	9388039.71
650650.55	9388046.78	650651.94	9388034.30
650650.45	9388038.92	650652.13	9388028.97
650670.68	9388032.80	650669.26	9388046.70
650642.14	9388049.62	650647.23	9388037.85
650642.95	9388056.94	650643.07	9388049.75
650644.69	9388056.91	650650.26	9388049.74
650636.41	9388056.53	650646.10	9388051.35
650638.88	9388053.71	650642.12	9388051.18
650634.46	9388054.01	650639.45	9388049.63
650639.22	9388049.21	650645.91	9388050.11
650656.18	9388058.90	650659.14	9388041.52
650669.41	9388025.69	650671.97	9388012.48
650681.33	9388019.88	650689.71	9387997.76
650691.84	9388004.33	650698.78	9387962.99
650693.63	9387968.90	650698.02	9387952.79
650692.47	9387969.32	650696.53	9387945.85
650700.78	9387959.41	650707.82	9387899.27
650708.39	9387907.52	650718.28	9387859.39
650718.61	9387862.62	650724.48	9387835.81
650723.97	9387838.10	650728.73	9387829.01
650722.31	9387837.51	650726.27	9387826.30
650731.47	9387833.86	650741.68	9387820.66
650707.90	9387832.18	650707.57	9387842.44
650708.75	9387841.25	650709.09	9387852.78
650692.98	9387862.17	650692.15	9387842.59
650684.89	9387834.84	650682.86	9387865.11
650688.06	9387855.11	650690.88	9387929.26
650702.41	9388008.24	650712.55	9387893.77
650715.47	9387891.08	650710.89	9387914.34
650716.26	9387907.66	650715.99	9387893.73
650717.15	9387900.23	650718.91	9387892.22
650723.59	9387881.63	650717.89	9387966.38
650719.15	9387945.65	650714.76	9387978.58
650724.09	9387978.52	650718.55	9388009.43
650717.60	9388011.09	650713.01	9388044.33
650725.81	9388038.07	650728.97	9388003.09
650724.13	9388011.16	650725.43	9387994.18
650729.57	9387987.82	650728.30	9388002.62
650730.31	9387998.28	650729.87	9388016.67
650730.29	9388026.06	650733.28	9387984.61
650737.08	9388021.39	650737.20	9388005.88
650736.14	9388006.90	650736.98	9387993.25
650732.45	9388001.62	650735.44	9387994.91
650722.25	9387991.80	650723.13	9387985.01
650724.38	9387987.87	650724.70	9387979.13
650721.41	9387992.01	650720.10	9387996.54
650710.46	9387999.90	650709.66	9388010.37
650705.01	9388004.86	650703.74	9388011.41
650702.64	9388015.81	650703.37	9388011.41
650705.71	9388011.28	650703.97	9388020.36
650700.59	9388009.58	650694.14	9388032.46
650697.03	9388031.63	650702.26	9388024.23
650703.48	9388024.99	650707.36	9388018.43
650704.40	9388025.51	650707.03	9388020.40
650708.93	9388022.77	650710.67	9388011.82
650709.93	9388024.55	650701.27	9388064.17
650703.74	9388058.53	650698.84	9388093.93
650697.92	9388097.41	650701.02	9388093.27
650688.40	9388117.19	650691.09	9388084.69
650687.98	9388083.64	650689.47	9388077.06
650697.78	9388069.94	650702.65	9388053.62
650689.68	9388055.65	650701.45	9388050.15
650690.93	9388049.70	650689.08	9388058.83
650689.54	9388052.17	650690.77	9388045.88
650673.79	9388041.04	650668.99	9388066.88
650670.40	9388066.26	650668.74	9388072.78
650667.79	9388080.02	650669.94	9388073.76
650661.96	9388078.97	650662.17	9388070.67
650668.34	9388083.52	650672.32	9388078.22
650680.91	9388062.73	650676.28	9388077.95
650673.23	9388078.70	650673.33	9388086.49
650688.08	9388076.40	650678.05	9388098.29
650686.41	9388088.53	650685.16	9388095.99
650681.05	9388095.21	650680.76	9388106.58
650686.78	9388095.24	650685.38	9388105.46
650655.79	9388118.16	650654.81	9388139.15
650657.48	9388129.83	650655.38	9388146.77
650654.23	9388144.21	650652.40	9388156.49
650647.17	9388150.66	650655.10	9388110.50
650643.85	9388118.30	650646.88	9388109.77
650673.02	9388111.45	650672.43	9388130.39
650652.18	9388128.90	650655.32	9388120.13
650689.34	9388074.63	650696.62	9388058.51
650708.38	9388065.67	650713.24	9388045.61
650711.19	9388045.85	650705.35	9388069.62
650717.30	9388057.63	650723.50	9388018.51
650731.07	9387991.14	650734.91	9387975.27
650732.58	9387977.01	650736.14	9387942.47
650738.52	9387947.56	650737.11	9387969.23
650727.73	9387982.43	650732.24	9387948.68
650722.94	9387962.47	650724.32	9387946.05
650725.01	9387953.55	650728.49	9387936.41
650720.61	9387949.41	650723.59	9387935.32
650720.64	9387945.27	650722.17	9387939.46
650724.55	9387943.56	650725.50	9387924.38
650728.61	9387934.79	650729.43	9387915.10
650734.91	9387942.36	650732.99	9387931.43
650732.24	9387931.71	650729.76	9387954.88
650736.98	9387932.21	650738.73	9387918.55
650734.09	9387930.79	650736.78	9387911.45
650734.36	9387927.40	650734.89	9387915.87
650733.26	9387927.76	650734.52	9387907.63
650728.56	9387914.55	650734.98	9387904.23
650732.10	9387921.72	650733.10	9387909.64
650728.99	9387912.14	650731.68	9387895.87
650731.04	9387907.24	650733.29	9387891.02
650717.95	9387889.75	650722.06	9387874.78
650721.77	9387883.11	650730.64	9387840.51
650724.89	9387847.90	650718.09	9387882.01
650724.63	9387888.27	650727.52	9387875.72
650726.87	9387884.20	650728.58	9387873.23
650728.65	9387869.04	650731.90	9387852.82
650724.39	9387873.08	650729.38	9387858.90
650700.22	9387894.34	650704.88	9387858.94
650740.77	9387848.07	650752.64	9387821.87
650730.64	9387847.77	650737.24	9387834.63
650732.67	9387841.39	650729.96	9387850.50
650733.68	9387836.19	650731.49	9387841.78
650728.82	9387840.51	650731.67	9387834.15
650734.63	9387831.09	650731.81	9387837.87
650739.81	9387835.22	650736.06	9387840.03
650739.88	9387836.24	650734.47	9387847.27
650740.88	9387841.01	650737.33	9387846.80
650742.64	9387835.84	650738.67	9387839.36
650741.75	9387849.39	650753.01	9387838.21
650742.30	9387846.39	650754.29	9387832.68
650749.76	9387835.06	650755.78	9387828.39
650747.99	9387833.17	650754.82	9387824.08
650750.27	9387851.71	650771.05	9387809.38
650775.48	9387808.95	650768.84	9387821.75
650766.98	9387828.94	650759.79	9387843.14
650761.91	9387834.98	650754.23	9387853.37
650761.22	9387840.85	650769.42	9387829.54
650770.11	9387831.57	650765.20	9387840.50
650764.62	9387839.42	650768.45	9387832.99
650765.47	9387843.23	650771.57	9387834.53
650771.95	9387831.51	650761.70	9387854.74
650747.85	9387851.59	650760.75	9387831.67
650753.27	9387846.76	650753.69	9387843.28
650758.38	9387834.12	650744.37	9387850.20
650745.60	9387848.85	650751.65	9387840.85
650751.64	9387842.49	650745.17	9387853.43
650752.46	9387852.76	650748.03	9387862.86
650760.91	9387862.89	650766.90	9387855.54
650767.39	9387858.72	650766.76	9387850.25
650763.00	9387853.41	650771.86	9387845.87
650760.25	9387849.21	650763.92	9387840.76
650764.63	9387831.86	650754.19	9387841.91
650749.99	9387837.84	650759.15	9387831.32
650747.72	9387826.40	650742.73	9387831.81
650741.86	9387830.65	650747.45	9387822.38
650741.47	9387825.68	650751.93	9387819.92
650743.26	9387823.54	650758.68	9387797.28
650759.13	9387812.30	650775.76	9387764.14
650760.07	9387778.60	650764.10	9387753.33
650754.73	9387748.29	650751.81	9387783.29
650753.60	9387787.66	650757.02	9387755.16
650756.10	9387797.72	650770.75	9387760.85
650755.76	9387824.85	650768.75	9387798.02
650725.41	9387822.06	650731.28	9387798.66
650729.48	9387816.62	650737.10	9387791.22
650719.12	9387840.36	650722.12	9387797.83
650716.36	9387802.51	650717.88	9387788.93
650772.84	9387756.86	650780.19	9387684.70
650775.71	9387712.12	650770.85	9387727.80
650771.76	9387747.84	650776.56	9387727.96
650774.47	9387732.57	650770.05	9387714.56
650769.79	9387727.58	650764.20	9387716.02
650765.67	9387714.20	650766.86	9387727.40
650763.25	9387751.62	650761.19	9387736.65
650771.69	9387742.73	650754.79	9387740.06
650766.45	9387733.27	650764.44	9387752.19
650778.10	9387756.19	650786.64	9387729.41
650786.29	9387751.80	650786.19	9387730.86
650778.17	9387746.85	650772.16	9387734.68
650778.54	9387742.50	650775.16	9387729.07
650773.92	9387733.40	650781.60	9387685.88
650777.24	9387714.91	650780.26	9387687.99
650779.48	9387711.96	650781.37	9387680.91
650776.68	9387718.01	650779.48	9387711.96
650781.72	9387719.97	650788.07	9387668.91
650783.72	9387734.26	650784.64	9387718.63
650783.11	9387725.89	650786.09	9387714.88
650786.81	9387720.48	650788.88	9387688.35
650788.54	9387714.59	650794.91	9387699.19
650771.82	9387719.25	650773.63	9387695.88
650723.66	9387844.78	650730.68	9387835.43
650720.54	9387850.26	650722.31	9387837.51
650721.30	9387851.02	650713.42	9387837.99
650708.26	9387816.93	650705.11	9387801.28
650704.11	9387803.86	650703.14	9387791.87
650704.79	9387798.78	650705.47	9387773.13
650698.67	9387796.69	650701.57	9387775.30
650700.40	9387782.19	650693.38	9387699.70
650730.12	9387766.18	650716.69	9387748.64
650717.13	9387755.69	650712.56	9387694.24
650711.98	9387693.56	650722.79	9387697.32
650715.08	9387692.34	650717.27	9387702.54
650717.56	9387692.44	650726.31	9387738.20
650730.95	9387736.03	650722.58	9387698.53
650723.43	9387698.79	650737.06	9387736.07
650739.22	9387733.64	650723.90	9387695.48
650724.94	9387692.00	650743.55	9387734.95
650747.29	9387735.05	650736.40	9387724.28
650748.39	9387733.62	650730.68	9387709.67
650748.59	9387728.15	650723.92	9387636.49
650749.12	9387726.25	650729.90	9387691.20
650748.31	9387721.57	650737.27	9387711.07
650747.98	9387712.89	650736.55	9387695.55
650712.24	9387738.81	650710.09	9387630.42
650721.00	9387698.48	650718.01	9387656.08
650715.54	9387661.61	650714.74	9387589.84
650719.85	9387654.23	650719.41	9387626.13
650717.61	9387643.87	650720.26	9387627.71
650729.89	9387689.88	650722.94	9387668.69
650722.11	9387675.59	650730.86	9387630.68
650732.89	9387691.53	650733.05	9387645.17
650731.82	9387660.49	650736.08	9387608.23
650734.52	9387619.96	650734.57	9387572.82
650737.08	9387679.95	650737.24	9387654.74
650738.94	9387659.68	650736.15	9387621.61
650735.75	9387669.08	650739.70	9387683.75
650741.98	9387685.18	650739.21	9387665.17
650736.90	9387678.90	650738.39	9387665.80
650732.21	9387691.33	650726.75	9387649.01
650727.60	9387662.24	650731.45	9387645.03
650728.57	9387653.36	650727.07	9387646.85
650742.47	9387656.76	650744.30	9387628.98
650744.31	9387656.02	650744.78	9387628.45
650740.68	9387659.24	650741.71	9387648.92
650750.27	9387655.80	650749.21	9387607.44
650752.26	9387629.22	650753.22	9387609.22
650757.27	9387627.47	650759.34	9387612.21
650760.23	9387629.31	650764.05	9387616.72
650744.51	9387627.03	650744.47	9387610.19
650740.22	9387641.19	650743.16	9387612.77
650739.72	9387630.83	650741.99	9387608.46
650736.72	9387630.94	650736.07	9387649.99
650718.72	9387645.87	650718.84	9387655.40
650720.96	9387612.87	650721.71	9387569.20
650700.50	9387566.88	650696.90	9387604.19
650723.61	9387618.29	650733.27	9387599.16
650724.39	9387614.18	650728.82	9387591.91
650716.69	9387610.99	650736.70	9387600.21
650728.07	9387632.22	650734.53	9387609.62
650708.97	9387669.84	650707.00	9387640.16
650706.85	9387665.79	650701.97	9387654.01
650714.55	9387691.71	650711.24	9387673.41
650772.85	9387683.74	650772.23	9387667.01
650770.43	9387686.90	650771.94	9387658.27
650772.98	9387674.48	650773.74	9387661.43
650780.21	9387675.25	650776.96	9387661.00
650775.14	9387670.32	650778.63	9387652.89
650776.64	9387657.74	650775.59	9387639.32
650772.69	9387660.53	650774.23	9387641.17
650780.99	9387669.41	650783.62	9387645.93
650785.32	9387695.02	650787.34	9387636.03
650778.28	9387659.79	650779.96	9387637.52
650777.41	9387651.16	650776.44	9387639.00
650711.10	9387620.46	650712.51	9387595.71
650736.42	9387782.30	650715.14	9387757.62
650715.93	9387786.95	650712.78	9387761.57
650705.86	9387791.58	650710.14	9387729.94
650721.53	9387754.45	650719.27	9387718.47
650702.16	9387759.49	650705.37	9387721.13
650724.43	9387788.84	650733.84	9387769.99
650741.87	9387789.74	650746.04	9387764.87
650717.73	9387782.73	650717.81	9387767.54
650715.83	9387799.20	650705.40	9387786.35
650716.33	9387793.67	650708.86	9387778.18
650708.03	9387829.13	650699.96	9387794.06
650667.19	9387767.18	650665.98	9387702.85
650668.58	9387756.04	650686.96	9387724.11
650691.07	9387723.84	650683.61	9387736.91
650663.69	9387761.16	650655.41	9387784.54
650653.17	9387773.23	650653.65	9387800.38
650622.92	9387777.88	650609.28	9387763.49
650600.27	9387787.67	650598.17	9387768.83
650593.16	9387770.63	650599.79	9387761.15
650599.58	9387763.67	650592.40	9387784.16
650560.43	9388009.45	650562.87	9388038.45
650562.69	9388028.62	650560.92	9388018.96
650567.30	9388040.06	650563.30	9388005.38
650555.28	9388042.81	650549.90	9387921.31
650548.95	9387917.68	650545.63	9387936.51
650548.05	9387922.85	650548.96	9387941.44
650551.17	9387940.09	650550.82	9387959.51
650534.81	9387944.19	650541.54	9387928.87
650545.30	9387915.08	650539.48	9387929.19
650548.89	9388012.32	650542.16	9387975.63
650547.21	9388003.44	650536.51	9387978.09
650540.27	9387998.33	650535.49	9387980.89
650536.60	9388001.73	650532.17	9387982.88
650536.73	9388005.44	650537.38	9387994.03
650539.83	9388009.38	650542.49	9387998.09
650548.06	9387997.09	650551.19	9387980.39
650549.46	9387987.69	650546.20	9387977.79
650614.54	9388074.63	650606.90	9387967.34
650629.01	9387970.49	650627.17	9387940.07
650637.25	9387955.71	650638.27	9387939.09
650642.86	9387939.83	650641.93	9387928.08
650641.26	9387928.98	650639.40	9387913.48
650645.42	9387935.53	650642.74	9387956.21
650638.47	9387956.46	650644.22	9387944.21
650601.69	9387932.82	650602.06	9387850.85
650595.69	9387868.15	650587.07	9387813.43
650592.44	9387846.61	650591.88	9387827.90
650589.70	9387840.26	650591.47	9387873.36
650596.74	9387875.52	650595.21	9387846.48
650590.10	9387825.73	650594.86	9387815.15
650590.76	9387821.63	650595.24	9387807.41
650589.85	9387821.20	650590.23	9387812.08
650589.34	9387823.84	650588.84	9387812.83
650604.81	9387826.53	650604.32	9387818.12
650613.77	9387905.44	650620.62	9387858.85
650576.10	9387906.31	650580.45	9387890.91
650576.68	9387901.90	650580.33	9387840.00
650673.32	9387835.04	650675.26	9387852.32
650676.24	9387833.14	650681.28	9387823.34
650593.90	9387895.21	650595.34	9387938.22
650575.99	9388019.96	650578.86	9387995.17
650580.65	9388011.87	650585.64	9387992.75
650582.43	9387995.95	650589.26	9387983.85
650568.95	9387984.42	650569.46	9387997.48
650570.51	9388009.36	650571.27	9387993.37
650566.69	9387997.02	650567.73	9387985.33
650564.08	9387997.57	650563.12	9387992.21
650563.30	9388004.68	650565.07	9387998.48
650553.82	9387991.80	650553.41	9387982.84
650555.10	9387996.77	650554.93	9387992.31
650556.00	9387992.94	650555.96	9387990.21
650558.01	9387991.23	650557.69	9387987.09
650557.47	9387993.96	650557.14	9387988.79
650552.97	9388009.54	650551.05	9387998.55
650554.23	9388006.75	650553.36	9387997.76
650553.36	9387997.76	650553.04	9387996.60
650551.87	9388015.49	650550.68	9388001.39
650557.04	9388014.11	650555.58	9388003.78
650587.70	9388057.84	650590.24	9388046.26
650590.61	9388050.24	650593.72	9388038.82
650591.87	9388039.91	650595.87	9388015.10
650588.94	9388039.65	650586.28	9388015.95
650591.18	9388025.73	650589.13	9388009.33
650581.95	9388022.66	650588.78	9388011.63
650604.61	9388018.80	650602.07	9388001.90
650610.21	9388004.41	650603.86	9388067.11
650603.05	9388070.43	650601.72	9388053.30
650599.29	9388056.07	650601.01	9388045.21
650594.38	9388055.52	650598.43	9388039.56
650598.67	9388041.80	650604.43	9388026.59
650568.88	9388041.34	650573.43	9388028.27
650579.49	9388095.49	650580.63	9388064.66
650586.68	9388081.95	650588.35	9388071.69
650591.67	9388072.73	650590.49	9388062.90
650650.13	9387810.33	650625.41	9387808.08
650650.35	9387822.30	650643.36	9387817.52
650634.98	9387816.65	650621.14	9387812.76
650660.73	9387804.98	650636.26	9387796.35
650643.06	9387797.81	650631.77	9387794.52
650635.19	9387790.04	650605.31	9387781.82
650619.97	9387794.54	650614.75	9387788.83
650624.07	9387797.04	650614.18	9387795.87
650631.15	9387782.29	650621.00	9387780.60
650631.21	9387781.17	650633.98	9387782.34
650639.92	9387786.21	650634.25	9387784.58
650640.51	9387785.16	650636.62	9387784.05
650645.05	9387781.92	650637.93	9387779.18
650651.18	9387782.31	650641.62	9387779.24
650650.78	9387778.89	650647.75	9387777.91
650677.49	9387787.31	650656.31	9387777.29
650670.64	9387786.73	650659.62	9387781.17
650664.31	9387785.17	650657.71	9387781.76
650674.20	9387786.73	650657.25	9387784.79
650661.43	9387794.98	650635.85	9387791.42
650651.28	9387794.21	650638.41	9387791.37
650654.20	9387804.14	650647.41	9387801.85
650639.71	9387807.00	650632.46	9387806.55
650630.32	9387793.93	650626.43	9387792.95
650630.08	9387777.09	650636.28	9387777.54
650632.00	9387779.32	650622.97	9387778.55
650629.15	9387774.66	650638.19	9387775.10
650653.40	9387771.71	650644.44	9387771.47
650652.48	9387773.42	650642.59	9387772.46
650652.49	9387774.87	650638.31	9387770.63
650641.14	9387770.69	650627.95	9387768.48
650640.28	9387768.45	650630.39	9387765.97
650636.52	9387765.50	650645.62	9387767.78
650636.38	9387764.38	650607.38	9387764.51
650647.94	9387763.38	650622.79	9387759.68
650654.49	9387759.54	650639.73	9387758.98
650639.13	9387757.73	650625.88	9387754.28
650652.69	9387754.71	650635.30	9387754.06
650644.86	9387752.26	650634.04	9387750.51
650635.83	9387752.35	650629.76	9387751.18
650622.76	9387750.52	650616.80	9387748.35
650652.30	9387750.02	650641.06	9387749.58
650641.91	9387748.89	650638.27	9387748.43
650652.66	9387748.23	650644.17	9387747.89
650644.59	9387746.52	650636.15	9387746.54
650649.54	9387745.93	650641.21	9387745.00
650653.13	9387745.13	650646.75	9387744.25
650640.04	9387739.84	650674.59	9387746.45
650673.65	9387748.66	650668.05	9387747.52
650667.00	9387746.89	650664.41	9387747.05
650668.69	9387749.93	650662.58	9387753.74
650640.77	9387737.69	650650.00	9387737.66
650653.60	9387742.23	650662.92	9387739.48
650663.71	9387738.53	650664.11	9387729.69
650648.56	9387730.51	650638.59	9387728.85
650644.72	9387732.78	650653.31	9387732.76
650648.54	9387723.72	650681.60	9387721.54
650650.68	9387713.04	650682.95	9387715.49
650653.99	9387706.77	650665.63	9387707.79
650665.62	9387716.97	650645.52	9387715.28
650635.50	9387714.91	650654.23	9387718.87
650655.49	9387718.81	650663.14	9387718.90
650644.44	9387726.94	650654.99	9387727.55
650666.91	9387733.15	650679.73	9387736.39
650674.87	9387730.56	650690.21	9387728.68
650684.03	9387725.11	650696.52	9387724.40
650680.71	9387727.39	650665.72	9387728.02
650667.51	9387740.89	650676.16	9387739.50
650673.21	9387741.66	650678.48	9387740.26
650674.18	9387751.03	650694.78	9387744.77
650656.69	9387756.80	650650.04	9387756.87
650644.46	9387757.67	650639.71	9387757.10
650640.10	9387765.26	650657.29	9387768.01
650655.19	9387770.96	650666.16	9387774.09
650669.53	9387772.19	650665.05	9387769.10
650668.63	9387768.19	650663.66	9387764.42
650665.39	9387702.85	650649.17	9387700.73
650662.20	9387705.12	650648.49	9387702.66
650641.21	9387703.20	650646.64	9387701.92
650649.44	9387692.37	650663.00	9387695.15
650655.42	9387692.33	650644.60	9387684.91
650654.06	9387697.07	650644.22	9387692.69
650657.92	9387710.55	650660.95	9387710.34
650641.13	9387711.43	650649.08	9387709.92
650659.98	9387714.36	650669.48	9387708.03
650648.72	9387707.53	650644.65	9387704.46
650658.18	9387832.71	650648.09	9387830.89
650650.78	9387824.96	650641.55	9387826.04
650642.09	9387831.76	650636.61	9387826.44
650498.17	9388079.30	650495.62	9388082.86
650497.11	9388067.95	650498.47	9388065.63
650494.17	9388072.11	650497.73	9388064.67
650497.57	9388089.89	650499.08	9388087.74
650495.68	9388087.65	650498.07	9388085.39
650570.36	9388082.73	650576.13	9388070.30
650566.13	9388053.17	650562.47	9388067.39
650583.54	9388013.77	650576.26	9388031.68
650627.78	9388014.41	650620.79	9388024.00
650628.12	9388067.97	650660.57	9388080.37
650687.20	9388083.15	650635.26	9388058.54
650661.00	9388059.42	650665.05	9388051.31
650690.04	9387981.79	650670.22	9388008.78
650672.73	9388020.08	650691.89	9387986.10
650694.17	9388013.93	650700.32	9387984.92
650712.68	9387854.82	650708.81	9387870.14
650694.76	9387879.22	650695.82	9387860.59
650765.34	9387779.08	650716.83	9387754.83
650756.94	9387774.21	650723.75	9387763.13
650744.12	9387768.40	650724.79	9387754.81
650740.25	9387761.88	650723.70	9387737.87
650695.55	9387602.81	650698.68	9387566.49
650675.98	9387681.79	650684.92	9387655.13
650668.27	9387713.68	650671.04	9387707.31
650673.10	9387708.25	650677.69	9387706.56
650692.51	9387794.32	650694.68	9387820.30
650655.68	9387845.68	650652.84	9387815.43
650645.16	9387891.82	650644.02	9387878.14
650594.52	9388158.22	650603.38	9388134.05
650602.67	9387958.52	650600.26	9387930.46
650557.82	9387930.01	650541.80	9387929.21
650590.06	9388038.38	650584.54	9388028.33
650585.32	9388041.83	650588.83	9388035.39
650586.84	9388048.22	650588.60	9388040.79
